0.662
0.455186
0.53031
0.482523
0.662
0.551462
0
0.662
0.486113
0.449638
0.482414
0.542304
0.402729
0.521296
0.441774
0.415211
0.409936
0.446481
0.509581
0.469503
0.456371
0.662
0.465114
0.476221
0.495886
0.428404
0.44961
0.403749
0.382022
0.439227
0.662
0
0.662
0.432787
0.477308
0.524952
0.662
0.403582
0.444538
0.456107
0.463909
0.662
0.468417
0.662
0.426291
0.469554
0.464357
0.662
0.477301
0.363323
0
0.467557
0.447899
0.662
0.505714
0
0.431147
0.477313
0.662
0.3827
0.470678
0.463328
0.459255
0.662
0.444877
0.404561
0.44311
0.662
0.438916
0.46119
0.421824
0.458802
0.44812
0.427674
0
0.440374
0.395969
0.452207
0.662
0
0.517621
0.662
0.511121
0.662
0.474846
0.662
0.463528
0.662
0.460947
0.453485
0.47572
0.389864
0.435009
0.421999
0.391848
0.477185
0.405527
0.472626
0.662
0.42055
0.29923
0.662
0.453657
0
0.48089
0.43661
0.662
0.452414
0.662
0.519093
0.499078
0.662
0.662
0.463544
0.457631
0.467213
0.449673
0.662
0.662
0
0.394869
0.512029
0.468068
0.469838
0.460182
0.662
0.477627
0.475149
0.46215
0.447784
0.662
0.662
0.662
0.542234
0.453065
0.433391
0.662
0.662
0.461481
0.662
0.516575
0.418557
0.436339
0.468593
0.475337
0.430631
0
0.662
0.446412
0.47756
0.662
0.458964
0.662
0.470205
0.460317
0.402975
0.519693
0
0.662
0.461465
0.662
0.488091
0.447
0.443498
0.430342
0.493797
0
0.662
0.429629
0.463688
0
0.662
0.480003
0.538044
0.446057
0.443576
0
0.662
0.464972
0.457697
0.470618
0.441499
0.662
0.662
0.471046
0.662
0.443859
0.439881
0.462351
0.662
0.475446
0.662
0.446993
0.453976
0.44793
0.662
0.662
0.468415
0.46012
0.662
0
0.311324
0
0.457175
0
0.469749
0.662
0.662
0.662
0.430933
0.51305
0.484549
0.457298
0.662
0.431682
0.457386
0.412625
0.523549
0.446114
0
0
0.458116
0.432102
0.471672
0.427539
0.370667
0.662
0
0.433932
0.492145
0.532126
0.662
0.484539
0.438473
0.662
0.477473
0.662
0.662
0
0
0.46444
0.662
0
0.662
0.453338
0.42376
0.662
0.37117
0.510632
0.662
0.662
0.470685
0.529044
0.432789
0.463497
0.48201
0.409479
0.662
0.662
0.662
0.558548
0.662
0.662
0.512645
0.470751
0.439972
0.478491
0.662
0.441083
0.457833
0.662
0.662
0.458339
0.46977
0.662
0.473342
0.45275
0.462951
0.363921
0.662
0.415014
0.473256
0.454355
0.41619
0.464942
0.462097
0.492015
0.442515
0.447189
0.536579
0.464326
0.467981
0
0.462727
0.662
0.403854
0.662
0.411189
0.449476
0.5191
0.485268
0.457892
0.454723
0.47408
0.662
0.662
0.662
0.445865
0.449606
0.468602
0.480933
0.441024
0.451242
0.467646
0.482238
0
0.438225
0.447901
0.442566
0.539262
0.495785
0.531884
0.438228
0.471474
0.45661
0.485744
0.420158
0.472639
0.450124
0.407091
0.498719
0.662
0.458184
0.431339
0.662
0.551295
0.469456
0.42594
0.471074
0.43987
0.662
0.418398
0.490344
0.44044
0.433823
0.476283
0.473595
0
0.456231
0.468417
0.455489
0.445209
0.488835
0.456417
0.662
0.447642
0.402709
0.560922
0.662
0.662
0.381768
0.402133
0.490529
0.662
0.449854
0
0.437572
0.511487
0.43356
0.662
0.662
0
0.46953
0.662
0.350848
0.326305
0.467895
0.400446
0.662
0
0.452031
0.662
0.662
0.48557
0.332745
0.408603
0.434369
0.457981
0.438373
0.469646
0.397093
0.441362
0.662
0.446887
0.451876
0.662
0.662
0.466527
0.451527
0.44981
0.451227
0.662
0
0.379298
0.437109
0.662
0.662
0
0.455957
0.662
0.468159
0.502555
0.462955
0.431675
0.459549
0.415713
0.524634
0.451491
0.518447
0.453698
0.433639
0
0
0.662
0.42724
0.662
0.36618
0.662
0.662
0.488386
0.662
0.45048
0.662
0
0.501754
0.427263
0.443708
0.459312
0.662
0.461794
0.451797
0.662
0
0
0
0.501951
0.532243
0.45817
0.46075
0.479165
0.443655
0.49883
0.422587
0.455991
0.366251
0.418476
0.662
0.427136
0.457519
0.472718
0.662
0.439856
0.47595
0.526672
0.559968
0.48811
0.339971
0.428368
0.45028
0.451701
0.662
0.461653
0
0.344793
0.47648
0.388968
0.662
0.475888
0.455369
0.474533
0.662
0.453552
0.496295
0.474121
0.494696
0.464747
0.448639
0.413304
0.662
0.483398
0.411275
0.46208
0.448747
0.473631
0.441195
0.446573
0.448617
0.463681
0.466229
0.515192
0.447558
0.662
0.454091
0.421211
0.474385
0.662
0.524844
0.41733
0.662
0
0.662
0.46799
0.456167
0.441065
0.47599
0.44801
0.516127
0.458785
0.416855
0.351911
0.368635
0.426853
0.471968
0
0.458833
0.453887
0.443333
0.460871
0.43838
0.478951
0.662
0.662
0.462341
0.392159
0.662
0.487534
0.488074
0
0.384072
0.419863
0.409423
0.496056
0.462693
0.662
0.461109
0.662
0.410284
0.476508
0.508016
0.476676
0.444064
0.662
0.662
0.511618
0.451165
0.464723
0.662
0.662
0.478573
0.453678
0.430508
0.365197
0.662
0.454551
0.353166
0.502431
0.475567
0.430793
0.505107
0.544698
0.489236
0.662
0.467996
0.441454
0.662
0.662
0.417691
0.422554
0.463865
0.516189
0.499341
0.662
0.555683
0.467522
0.662
0.471823
0.513342
0.496491
0.662
0.420504
0.442191
0.496612
0.430294
0
0.662
0.468228
0.500673
0.662
0.402639
0.483294
0
0.662
0.341441
0.446031
0.472395
0.468961
0.452886
0.662
0.456445
0.44382
0.452798
0.458174
0.360674
0.443488
0.662
0.453602
0.507106
0.456989
0.662
0.510318
0.662
0.662
0.662
0.395746
0.45455
0.45436
0.458535
0.409152
0.456761
0.419439
0.422939
0.662
0.475644
0.475086
0.427002
0.430984
0.510236
0.489676
0.522788
0.471998
0.452034
0.662
0.475676
0.403693
0
0.447586
0.462419
0.662
0.399424
0.470487
0.432885
0.473495
0.662
0.462065
0.662
0.458953
0.365355
0.427156
0.662
0.407851
0.511005
0
0.446912
0.433517
0.662
0.456117
0.477122
0.40868
0.662
0.40695
0.553472
0.435256
0.662
0.662
0.43005
0.4781
0.662
0.378518
0.456841
0.46679
0.386091
0.411549
0.472298
0.44219
0.460876
0
0.446072
0.41829
0.476602
0.419441
0.3982
0.429235
0.662
0.477424
0.461612
0.467487
0.662
0.439089
0.447136
0.662
0.477207
0.480842
0.472031
0.456397
0.434678
0.432104
0.475949
0
0.334187
0.510183
0.662
0.449112
0.460641
0.447311
0.451497
0.396686
0.501426
0.46849
0.332523
0.662
0.520687
0.662
0.446306
0.422379
0.413921
0.443757
0.539684
0.662
0.362513
0.507261
0.43646
0.662
0.448042
0.446298
0.446526
0.425367
0.41587
0.428582
0.527712
0.43082
0.403573
0.463534
0.662
0.433763
0.662
0.459267
0.504987
0.452474
0
0.49226
0.662
0.47819
0.422685
0
0.482875
0.520233
0.435339
0.458222
0.662
0.662
0.432286
0.453341
0.662
0.479269
0.454284
0.45473
0.449079
0.483142
0.461701
0.463104
0.460609
0.414468
0.451707
0.524785
0.451472
0.471657
0.53439
0.662
0.507763
0.453302
0.449942
0.469593
0.394968
0.491559
0.395666
0.470693
0.478626
0.512799
0.354952
0.662
0.415659
0.662
0.421207
0.440885
0
0.422555
0.456985
0.541903
0.446464
0.428365
0.399098
0
0.425915
0.501007
0.38405
0.662
0.426133
0.447798
0.453784
0.662
0.662
0.411038
0.466831
0.662
0.499328
0.46432
0.662
0.317205
0.400467
0.509737
0.474852
0.454019
0.430577
0.458329
0.401847
0.662
0.662
0.515024
0.440128
0.662
0.437797
0.433191
0.539185
0.467341
0.404421
0.468795
0.444934
0.392027
0.426706
0.662
0.374501
0
0.403775
0.407945
0.662
0.457206
0.492595
0.464255
0.493809
0
0.662
0.465962
0.50421
0.662
0.501442
0.344197
0.662
0.472121
0.400275
0.448244
0.47527
0.464151
0.444426
0.448018
0.486912
0
0.462318
0.456154
0.435092
0.381693
0.498548
0.439484
0.662
0.456301
0.515263
0.417973
0.662
0.45611
0.662
0.662
0.413689
0.427812
0.662
0.391124
0.437082
0.44672
0.451212
0.519961
0.49557
0.469458
0.424644
0.445591
0.426684
0.458166
0.488264
0.662
0.486686
0
0.416576
0.423097
0.479651
0.662
0.490756
0.462271
0.662
0.462799
0.479624
0.662
0.474558
0.449916
0.514523
0.662
0.372315
0.459805
0.441849
0.662
0.476626
0.474982
0.481428
0.349388
0.470612
0.662
0.662
0.430257
0.452673
0.478905
0.476057
0.495809
0.41547
0.46356
0.431372
0
0.428988
0.51565
0.42231
0.459928
0.469329
0.467382
0.403377
0.48419
0.467254
0.460096
0.482298
0.44266
0.503233
0.487691
0.440793
0.662
0.468981
0.662
0.417783
0.662
0.46153
0.312238
0.662
0.662
0.451106
0.483936
0.445075
0.430217
0.469605
0.548891
0.445915
0.662
0.491624
0.434484
0.439119
0.471118
0.662
0.459576
0.451922
0.450425
0.46061
0.45712
0.450368
0.423075
0
0.461528
0.448151
0.662
0.435591
0.517869
0.481372
0
0.662
0.662
0.662
0.480498
0.662
0.662
0.449586
0.453767
0.386433
0.412894
0.662
0.458992
0.662
0.452402
0.662
0.448901
0.46146
0.48025
0.462476
0.468625
0.45866
0.43188
0
0.662
0
0.434805
0.470288
0.375156
0.463929
0.403335
0.468306
0.402117
0.488349
0.444131
0.41816
0.662
0.662
0.458941
0.398886
0.400641
0.343406
0.437842
0.441256
0.662
0.411586
0.662
0.662
0.458898
0.662
0.519704
0.450153
0.4481
0.490817
0.408323
0.463283
0.662
0.462779
0.474348
0.444902
0.466882
0.428154
0.395873
0.419667
0.530683
0.48714
0.474581
0.426008
0.446475
0.662
0.662
0.471187
0.48613
0.447961
0.49543
0.662
0.467202
0.452096
0.407568
0.457736
0.524257
0.421707
0.497767
0.396506
0.419413
0.429537
0.424643
0.434771
0.500998
0.409311
0.662
0.457692
0.45805
0.662
0.461396
0.491016
0.498545
0.662
0.662
0.662
0.662
0.416796
0.446528
0.662
0.662
0.29039
0.542606
0.453106
0.476268
0.458279
0.471439
0.365467
0.662
0.47406
0.468237
0.463027
0.662
0.427096
0.473208
0.427722
0.444053
0.492833
0.467884
0.471514
0
0.519749
0.455335
0.441232
0.528615
0.43709
0.472371
0.662
0.662
0.46387
0.455754
0.662
0.489389
0.422859
0.499226
0.458832
0.662
0.423416
0.475999
0.464435
0.662
0.376084
0.465494
0.426985
0.420398
0.466585
0.662
0.442142
0.508804
0.483225
0.499923
0.662
0.493715
0.662
0.414915
0.464069
0.662
0.43386
0.448415
0.543372
0.662
0.338543
0.662
0.462548
0.433037
0.474726
0.485528
0.662
0.408694
0.462524
0.37125
0.662
0.662
0.431206
0.468822
0.507934
0.662
0.424533
0.421801
0.400758
0.441247
0.468622
0.463876
0.446685
0.525787
0.45402
0.452681
0.402864
0.464882
0.662
0.457726
0.413543
0.447167
0.434717
0.446505
0.482982
0.507551
0.439846
0.409548
0.370418
0.46934
0.662
0.410985
0.47447
0.443136
0.472384
0.473631
0.662
0.662
0.457729
0.662
0
0.662
0.534643
0.464496
0.465796
0.425616
0.43296
0.395421
0.509799
0.662
0.662
0.425343
0.467164
0.445463
0.459514
0.447582
0.45998
0.408833
0.662
0.511072
0.526161
0.413199
0.395744
0.417203
0.487305
0.435242
0.662
0.459307
0.523082
0.50804
0.463203
0.439297
0.428878
0.662
0.503401
0.469076
0.44849
0.424011
0.404268
0.435441
0.662
0.452201
0.437792
0.396045
0.662
0.452072
0.438479
0.662
0.450884
0.386565
0.470293
0.458223
0.662
0.392222
0.473778
0.445307
0.662
0.662
0.486535
0.46213
0.44794
0.53095
0.477519
0.403122
0.442738
0.507126
0.482622
0.348932
0.456425
0.468956
0.662
0.662
0.662
0.662
0.460984
0.486992
0.662
0.44277
0.465762
0.418143
0.4639
0.468858
0.470058
0.662
0.471095
0.662
0.476428
0.444307
0.412042
0.662
0.458656
0.662
0.662
0.455735
0.504443
0.662
0.662
0.430109
0.424621
0.451503
0.471375
0.662
0.433537
0.416504
0.438152
0.49196
0.465955
0.420269
0.398787
0.453939
0.472701
0.455965
0.420643
0
0.662
0.662
0.479471
0.414065
0.479832
0
0.662
0.431983
0.472997
0.456015
0.412666
0.662
0.477463
0.439371
0.483148
0
0.481785
0
0.464777
0.501891
0.662
0.387936
0.427981
0.391083
0.392048
0
0.492401
0.423687
0.440227
0.423925
0.465367
0.662
0.461613
0.472161
0.445727
0.662
0.45987
0.401396
0.662
0.46808
0.407906
0.464883
0.51391
0.421784
0.662
0.455804
0.402205
0.420419
0.336901
0.509113
0.432226
0.662
0.480039
0.662
0.442816
0.464716
0.662
0.662
0.662
0.376514
0.348824
0.662
0.463991
0.432397
0.468228
0.469301
0.361069
0.481845
0.662
0.477917
0.662
0.662
0.455519
0.662
0.356314
0.417817
0.662
0.662
0.45948
0.662
0.458433
0
0.662
0.439066
0.482229
0.467125
0.404512
0.451706
0.662
0.372743
0.460678
0.662
0.401488
0.429041
0.331013
0.662
0.662
0.662
0.524917
0.662
0.662
0.508635
0.44586
0.308572
0.476214
0.474816
0.466305
0.289237
0.437803
0
0.662
0.442238
0.455435
0.507405
0.662
0.470346
0.464269
0.662
0.431027
0
0.473018
0.453077
0.458914
0.479244
0.480947
0.457534
0.452023
0.662
0.449027
0.395631
0.444085
0.45931
0.662
0.445792
0.562676
0.441281
0.471722
0
0.471305
0.41789
0.419117
0.451699
0.472192
0.47546
0.42205
0.489849
0.445786
0.662
0.366052
0.445619
0.441393
0.418617
0.450556
0
0.662
0.418422
0.431959
0.47521
0.662
0.482509
0.364507
0.662
0.45825
0.662
0.516889
0.475941
0.474557
0.662
0.433973
0.436863
0.465719
0.662
0.464865
0.377113
0.516893
0.422735
0.490499
0.662
0.448046
0
0.43045
0.556017
0.469744
0.662
0.449495
0.443677
0.540359
0.489505
0.438383
0.477049
0.662
0.534913
0.529299
0.458756
0.662
0.662
0.454892
0.662
0.47134
0.423198
0.451152
0.464304
0.662
0.475346
0.514637
0.426014
0.502787
0.662
0.395611
0.46924
0.662
0.474787
0.428661
0.365202
0.662
0.427026
0.470631
0.473721
0.528104
0.430569
0.473545
0.536945
0.662
0.480354
0.662
0.469577
0.497146
0.440989
0.452146
0.423973
0.447141
0.425657
0.533779
0.558512
0.359747
0.489817
0.471677
0.662
0.466455
0.427673
0.662
0.462867
0.662
0.476792
0.449435
0.390649
0.662
0.435616
0.662
0.500357
0
0.437291
0.471942
0.412998
0.662
0.459522
0.464398
0
0.482287
0.662
0.447726
0.453685
0.412795
0.662
0.438196
0.448243
0.44223
0.38256
0.460336
0.662
0.437827
0.662
0.662
0.400095
0.445474
0.662
0.662
0.431866
0.447524
0.662
0.486772
0.662
0.465522
0.52399
0.437874
0.662
0.662
0.518671
0.446812
0.471274
0.507106
0.510441
0.473497
0.447342
0.385707
0.417783
0.366596
0.47467
0.464065
0.42139
0.662
0.448043
0.471889
0.463979
0.662
0.662
0.441496
0.44244
0.662
0.432497
0.466855
0.446478
0.397443
0.480893
0.416804
0
0.662
0.474769
0.449271
0.429083
0.440302
0
0.472147
0.448897
0.478547
0
0.391306
0.662
0.440912
0.467682
0.470603
0.389799
0.455507
0.447587
0.460262
0.52603
0.468075
0.472573
0.662
0.463393
0.477631
0
0.472214
0.475932
0.300023
0.432613
0.662
0.357905
0.662
0.422521
0.41723
0.548239
0
0.443964
0.452983
0.48299
0.662
0.442471
0.447425
0.448506
0.662
0.412904
0.375863
0.451189
0.494847
0.442108
0.4634
0
0.474854
0.463364
0.457956
0.451849
0.489189
0.480889
0.488551
0.47148
0.447464
0.662
0.564705
0.662
0.468606
0.662
0.434845
0.44778
0.39271
0.478218
0.662
0.499652
0.42799
0.475266
0.422852
0.662
0.478806
0.404579
0.443136
0.662
0.515487
0.535173
0.462207
0.473108
0.424174
0.507608
0.530839
0.465622
0.662
0.455883
0.662
0.444113
0.451876
0.434447
0.447726
0.440767
0.452467
0.452031
0.662
0.365965
0.366344
0.423706
0.374021
0.453994
0.426042
0.524046
0.464237
0.454855
0.446671
0.662
0.477243
0.524534
0.459545
0.47825
0.662
0.662
0.406977
0.466545
0.397027
0.439799
0.433296
0.451956
0.662
0.516522
0.662
0.500556
0.500488
0.662
0.473737
0
0.415951
0.453393
0.497921
0.461394
0.468716
0.521977
0.446173
0.405289
0.47536
0.662
0.662
0.425606
0
0.662
0
0.496816
0.662
0.465163
0.662
0.513519
0.662
0.662
0
0.662
0.467573
0.444119
0.373887
0.662
0.46715
0.47063
0.662
0.455129
0.662
0.536936
0.662
0.340826
0.438425
0.446753
0.662
0.409447
0.475202
0.662
0.662
0.467093
0.463123
0.439968
0.493252
0.46793
0.662
0.491321
0.462027
0.49997
0.662
0.454771
0.454689
0.662
0.440921
0.471888
0.462862
0.475235
0.437839
0.662
0.486205
0.465124
0.429727
0.371899
0.487776
0.537722
0.464435
0.427619
0.497866
0.451799
0.662
0.662
0.471181
0.537613
0.662
0.445756
0.468448
0.662
0.473912
0.662
0.458945
0.662
0.662
0.419756
0.513545
0.449719
0
0.438611
0.662
0.441914
0.501661
0.47195
0.46732
0.425399
0.464691
0.413797
0.451869
0.662
0
0.479748
0.662
0.420998
0.383596
0.662
0.662
0.480859
0.662
0.415489
0.662
0
0.531496
0.416155
0
0.431959
0.45613
0.445795
0.458742
0.662
0.392234
0.662
0.436226
0.662
0.457284
0.662
0.459237
0.498878
0.485239
0.477939
0.662
0.662
0.662
0.480456
0.47324
0.439556
0.662
0.662
0.419618
0.662
0.48445
0.465022
0.441321
0.40979
0.662
0.472261
0.662
0.367452
0.498693
0.494088
0.457897
0
0.465824
0.453462
0.470073
0.467237
0.487467
0.436812
0
0.662
0.662
0.452275
0.49522
0.465539
0.406067
0.476012
0.4417
0.662
0.662
0.459504
0.662
0.380537
0.40823
0.662
0.470669
0
0.452878
0.507973
0.448566
0.662
0.490669
0.662
0
0.43338
0.386758
0.445987
0.461395
0.662
0.412082
0.662
0.504237
0.662
0.662
0.662
0.525777
0.443219
0.435039
0.456994
0.662
0.463512
0.503504
0.467324
0
0.457596
0
0.441468
0.461622
0.502407
0.435616
0.662
0
0.433708
0.45427
0.46847
0.410221
0.662
0.662
0.414375
0
0.48343
0.50784
0.662
0.480097
0.662
0.477578
0.47707
0.662
0
0.370646
0.475022
0.388478
0.479406
0.350403
0.662
0.474377
0.445093
0.662
0.662
0.43127
0.460818
0.662
0.405636
0.662
0.662
0.336027
0.401871
0.454389
0.463004
0.461282
0.469909
0.356535
0.420571
0.417614
0.662
0.662
0.421568
0.418256
0.662
0.662
0.662
0.471637
0.416704
0.433134
0.46512
0.448598
0.504019
0.406963
0.459584
0.409774
0.662
0.436221
0.662
0.417397
0.45679
0.455722
0.455751
0.541654
0.464095
0
0.496913
0.39633
0.662
0.479002
0.446223
0.465394
0.476549
0.662
0.392203
0.460139
0.412828
0.662
0.479523
0.492331
0.464159
0.662
0.470475
0.408705
0.662
0.385483
0.502843
0
0.662
0.449407
0.46756
0.364241
0.45454
0.445622
0.662
0.503428
0.390619
0
0.470057
0.521532
0.474748
0.480099
0.38277
0.442262
0.455494
0.662
0.479458
0.476729
0.662
0.436077
0.477755
0.495077
0.423359
0.445667
0.662
0.484018
0.461524
0.662
0.441531
0.662
0.458328
0.454007
0.454162
0.482716
0.455059
0
0.662
0.662
0.457872
0.662
0.662
0.662
0.426054
0.662
0.662
0.447779
0.520756
0.468011
0.662
0.460715
0.447155
0
0.465692
0.498642
0.460317
0.438232
0
0.662
0.662
0.662
0.515053
0
0.460087
0.495081
0.662
0.662
0.449697
0.662
0.42903
0.442812
0.374454
0.662
0.434631
0.662
0.432401
0.460582
0.465369
0.456527
0.49252
0.451199
0.451699
0.44749
0.662
0.662
0.489863
0.468807
0.662
0.390043
0.491483
0
0.426121
0.662
0.662
0.34096
0.662
0
0.662
0.446682
0.381409
0.453371
0.530361
0.47095
0.454738
0.461456
0.662
0.376723
0.662
0.662
0.446691
0.421758
0.413885
0.662
0
0.455031
0.419517
0.405218
0.477561
0.396452
0.399062
0.432576
0.427714
0.662
0.431594
0.457345
0.440882
0.44542
0.473799
0.400506
0.460066
0.503331
0.3932
0.42205
0.480134
0.662
0.662
0.403399
0.437114
0.427741
0.662
0.385294
0.458267
0.662
0.662
0.662
0.439144
0.662
0.409575
0.450843
0.429872
0.509795
0.360345
0.497385
0.460708
0.341465
0.484242
0.662
0.469271
0.662
0.440263
0.476005
0.46863
0.48986
0.46818
0.465828
0.470233
0.662
0.455277
0.461292
0
0.428467
0.483453
0
0.452868
0.477035
0.662
0.457258
0.448192
0.662
0.435175
0.40798
0.450309
0.662
0.460053
0.371571
0
0.484864
0.449836
0.454459
0.453268
0.399066
0
0.50659
0.44952
0.446288
0.662
0.468972
0.500279
0.46855
0.438952
0.431209
0.434378
0
0.463916
0.406722
0.462546
0.458104
0.662
0.47805
0.42406
0.461344
0.428684
0.662
0.484186
0.479878
0.447101
0.662
0.408775
0.471439
0.462691
0.431043
0.520134
0.486968
0.662
0.445262
0.474199
0.662
0.444706
0.409687
0.435824
0.662
0.43686
0
0.463843
0.476144
0.373886
0.468334
0.378144
0.34878
0.462803
0.508197
0.446758
0.478535
0.468828
0.662
0.468141
0.662
0.463615
0.662
0.662
0.449824
0.662
0.506974
0.467086
0.420642
0.476696
0.370206
0.407175
0.447115
0.502422
0.471718
0.476192
0.408862
0.457071
0.361225
0.468735
0.431743
0.468255
0.470711
0.662
0.385163
0.44477
0.662
0.477036
0.662
0.37306
0.662
0.438217
0.449723
0.45432
0
0.489971
0.474583
0
0.474894
0.394365
0.445864
0.483029
0.662
0.662
0.461155
0.467408
0.457666
0.662
0.662
0.464869
0.556215
0.470201
0.662
0.662
0.662
0.405083
0.423666
0.662
0.465612
0.441007
0.400435
0.444362
0.662
0.522433
0.454383
0.662
0.452392
0.662
0.662
0
0
0.484298
0.662
0.662
0.499668
0
0.662
0.662
0.662
0.539805
0
0.491737
0.662
0.423628
0.440053
0.500981
0.498157
0.441769
0.477399
0.392289
0.415241
0.45269
0.444412
0.481686
0.37699
0.454777
0.491151
0.436481
0.662
0.470634
0.472509
0.662
0.446885
0
0.478653
0.662
0
0.662
0.56235
0
0.420071
0.662
0.553438
0.471822
0.403765
0.493055
0.379584
0.509535
0.460402
0.465532
0.477013
0.439557
0.475212
0.429974
0.417231
0.436278
0.441307
0
0.427339
0.662
0.499499
0.662
0.44783
0.484949
0.468694
0.662
0.407499
0.490569
0.43636
0.424979
0
0.474477
0.446853
0.662
0.440785
0.457797
0.469892
0.488512
0.473104
0
0.662
0.662
0.494766
0.465211
0.464325
0
0.662
0.42587
0.344768
0.450074
0.662
0
0.662
0.475439
0.394726
0.512182
0.662
0.432525
0.662
0.479667
0.437535
0.453826
0.466088
0.438557
0
0.419859
0.471772
0.468106
0.512102
0.662
0.45466
0.450687
0.452138
0.451172
0.662
0.502847
0.441619
0.662
0.404255
0.430259
0
0.493198
0.471279
0.475306
0.662
0.517973
0.458932
0.435005
0.439847
0.662
0
0.500379
0.432411
0.375979
0.352597
0.537297
0.525439
0.662
0.455675
0.409234
0.662
0.457659
0.489589
0.463563
0.528414
0
0.504902
0.518348
0.461906
0.424958
0.484397
0.471602
0.447148
0.519621
0
0.662
0.463832
0.494464
0.450491
0.465177
0.463245
0.427042
0.417092
0.421836
0.475206
0.662
0.443728
0.444904
0.508194
0.454243
0
0.442457
0.453538
0.481691
0.411306
0.662
0.47885
0
0.472364
0.440084
0.461155
0.662
0.496293
0.39346
0.466008
0.466862
0.662
0.463191
0.523572
0.420953
0.662
0.662
0.496506
0.662
0.4858
0.339906
0.446906
0.662
0.662
0.416765
0.456535
0.404577
0.495049
0.662
0.336298
0.662
0.483393
0.400043
0.662
0.455049
0.481649
0.449013
0.397227
0.500345
0.463979
0.476142
0.662
0.539122
0.39083
0.455144
0.662
0.662
0.662
0.389343
0.662
0.442806
0.459548
0.43215
0.427122
0.662
0.662
0.662
0.414221
0.52221
0.43199
0.446675
0.420972
0.472831
0.467097
0.411394
0.662
0.50783
0.662
0.505842
0.44925
0.662
0.662
0.430362
0.466004
0.431539
0.662
0.472974
0.662
0.398607
0.662
0.476804
0.386374
0.662
0.473299
0.662
0.463272
0.662
0.4565
0.487644
0.444979
0.524958
0.42516
0.662
0.462797
0.662
0
0.481228
0.461439
0.392733
0.437707
0.42801
0.483152
0.469913
0.662
0.448864
0.662
0.477315
0.472852
0.496406
0.662
0.533619
0.427596
0.460351
0.479333
0.455965
0.468317
0.442267
0.463677
0.512492
0.457703
0.44064
0.475711
0.662
0.480234
0.43697
0.445612
0.479973
0.485802
0.376277
0.476965
0.43457
0.662
0
0.662
0.416028
0.497756
0.662
0.48682
0.445751
0.482204
0.448109
0.552159
0.662
0
0.328308
0.455299
0.428888
0.502316
0.662
0.407403
0.459082
0
0.47248
0.408747
0.466991
0.662
0.44604
0.391154
0.662
0.487368
0.438914
0.29905
0.561218
0.443211
0
0.462778
0.458553
0.662
0.408774
0.428841
0.465476
0.465829
0.458437
0.662
0.428184
0.407837
0.450323
0.398705
0.662
0.662
0.326894
0.444486
0.346621
0.440329
0.468042
0.662
0.662
0.453991
0.404982
0.662
0.459724
0.423096
0.662
0.493897
0.515425
0.490205
0.437994
0.662
0.662
0.559511
0.413697
0.474697
0.449898
0.469879
0.49657
0.485301
0.475314
0.662
0.662
0.465451
0.425754
0.442059
0.458308
0.424722
0
0.529518
0.46399
0.461962
0.662
0.476145
0.469908
0.662
0.499192
0.31191
0.45462
0.662
0.446979
0.461089
0.465045
0.662
0.481408
0.467909
0.497646
0.468198
0.662
0.539157
0.400648
0.662
0.474425
0.474812
0.502584
0.662
0.662
0.49936
0.43979
0.452963
0.387604
0.462685
0.449426
0.415882
0.463546
0.4755
0.662
0.456922
0.523332
0.473473
0.435913
0.467796
0.451169
0.662
0.426425
0.435151
0.391063
0.47769
0.450512
0.662
0.507467
0.444345
0.401955
0.505225
0.415874
0.662
0.45202
0.446648
0.446502
0.460266
0.431212
0.467489
0.45834
0.454771
0.455309
0.522424
0.445552
0.662
0.457203
0.662
0.509455
0.508378
0.467862
0.662
0.389201
0.662
0.542094
0.442304
0.466168
0.443446
0.323735
0.471103
0.391283
0.410358
0.418043
0.473234
0.42674
0.474641
0.454583
0.474655
0.48673
0.476879
0.455568
0.516104
0.472794
0.508567
0.500507
0.493671
0.481028
0.352915
0.662
0.454045
0.413613
0.662
0.662
0.662
0.438317
0.395933
0.434149
0.662
0.457771
0.480206
0.451922
0.662
0.416355
0.421958
0.391658
0.476975
0.384795
0.662
0.492965
0.481127
0.519541
0.471756
0.447681
0.460169
0.488418
0.413715
0.440949
0.662
0.449288
0.457808
0.485625
0.448837
0.375932
0.337219
0.662
0.529264
0.484656
0.426298
0.459924
0.505061
0.400924
0.475166
0.505571
0.393874
0.474951
0.439769
0.444254
0.41806
0.427899
0.374851
0.358337
0.662
0.446532
0.455481
0.662
0.436692
0.461048
0.394671
0.662
0.464287
0.387182
0.438048
0.499433
0.415558
0.662
0.662
0.662
0.446459
0.662
0.521305
0.662
0.402544
0.416197
0.465555
0.662
0.468231
0.514595
0.662
0.662
0.662
0.482239
0.443724
0
0.413726
0.479204
0.662
0.662
0.443413
0.444404
0.564099
0.662
0.434271
0.429768
0.443667
0.662
0.410775
0.662
0.463782
0.46618
0.662
0.662
0.662
0.48964
0.460985
0.662
0.476989
0.47357
0.662
0
0.449619
0.477467
0.462939
0.477293
0.662
0.453827
0.473161
0.429294
0.520399
0.454922
0.463031
0.662
0.409017
0.662
0.440822
0.662
0.387998
0.662
0.315999
0.494404
0
0.47675
0.411454
0.284246
0.662
0.454311
0.662
0
0.417494
0.50449
0.479078
0.662
0.423217
0.662
0.389481
0.353571
0.528595
0.471296
0.471073
0.442479
0.464286
0.662
0.476488
0.381474
0.427779
0.662
0.392569
0.662
0.420955
0.492277
0.467033
0.465533
0.481491
0.488549
0.467181
0.449026
0.662
0.46417
0.432252
0.662
0.449008
0.505654
0.472473
0.662
0.447593
0.475878
0.371264
0.471681
0.416323
0.497556
0.470185
0.662
0.502855
0.455223
0.465432
0.662
0.460458
0.455293
0.476091
0.662
0.662
0.478882
0.42822
0.662
0.489011
0.451175
0.662
0.457269
0.443912
0.427852
0.508523
0.47254
0.483912
0.430931
0.662
0.462031
0.49536
0.442925
0.518139
0.458728
0.488316
0.456719
0.518792
0.374735
0.476838
0.477349
0.432217
0.452027
0.456999
0.382016
0.662
0.429523
0.517804
0.522474
0.371769
0.662
0.51346
0.418717
0.475993
0.467314
0.473461
0.494177
0.662
0.460352
0.391494
0.429757
0.456342
0.538092
0.426989
0.514472
0.452205
0.43536
0.433251
0.662
0.458465
0
0.441758
0.463069
0.531895
0.662
0
0.662
0.662
0.473211
0.46231
0.437943
0.470881
0.475632
0.48167
0.456398
0.435353
0.439679
0.399845
0.662
0.662
0.403448
0.397296
0.662
0.4799
0.531449
0.444245
0.367834
0.514052
0.662
0.459605
0
0.514023
0.470061
0.378707
0.405866
0.484613
0.400438
0.467373
0.381616
0.424378
0.428242
0.457325
0.662
0.481833
0.478528
0.541691
0.662
0.454358
0.460579
0.372796
0.455105
0.401279
0.442419
0.662
0.532543
0.477048
0.662
0.408365
0.46321
0.431417
0.431984
0.487291
0
0.430377
0.481764
0.459932
0.460528
0.47304
0.495591
0.453909
0.458447
0.4456
0.662
0.418964
0.662
0.395622
0.447829
0.371709
0.424727
0.414062
0.40451
0.662
0.467709
0.422616
0.417219
0.353379
0.480301
0.453375
0
0.662
0
0.45272
0.662
0.31408
0.475605
0.662
0.662
0.662
0.662
0.536761
0.477668
0.418921
0
0.662
0.662
0.662
0.662
0.469836
0.471605
0.662
0.515625
0.399039
0.430218
0.445983
0.45495
0.662
0.340125
0.498895
0.421101
0.490751
0.662
0.466916
0.444154
0.662
0.44225
0.417127
0.483122
0.438013
0.3203
0.47214
0.429496
0.369893
0.662
0.374948
0.475512
0.453738
0.472361
0.662
0.500968
0.498737
0.43543
0.346438
0.348821
0.473012
0.662
0
0.662
0.662
0.446392
0
0
0.424093
0.457191
0.445417
0.445252
0.662
0.481262
0.487974
0.47528
0.441847
0.662
0.510704
0.662
0.448159
0.408028
0.390715
0.47745
0.469881
0.662
0.441712
0.662
0.450165
0.451106
0.419698
0.662
0.469913
0.431626
0.465412
0.40695
0.351169
0.560569
0.662
0.510438
0.453129
0.435717
0.496034
0.434954
0
0.447406
0.42074
0.496898
0.449527
0.662
0.662
0.419239
0.478741
0.41701
0.561259
0.518562
0.504242
0.403359
0.477331
0.494353
0.509996
0.662
0
0.413916
0.432667
0.459129
0.662
0.662
0
0.430391
0.467132
0.466958
0.468527
0.450112
0.470938
0.476603
0.441019
0.434837
0.662
0.662
0.447661
0.443016
0.357657
0.428957
0.498078
0
0.438506
0.401739
0.472119
0.662
0.456714
0.45303
0.423549
0.534018
0.440923
0.662
0.445439
0
0.460571
0.534399
0.467771
0.467676
0.662
0.451199
0.410854
0.44179
0.485011
0.448096
0.468276
0.44475
0.471761
0.450425
0.662
0.662
0.47556
0
0.662
0.662
0.463964
0.457387
0.662
0.496098
0.455402
0.457557
0
0.487803
0.313541
0.558755
0.47217
0.494154
0.392033
0
0.478982
0.423509
0.442805
0.662
0.377517
0.472685
0.440764
0.446231
0.452211
0.413415
0
0.458299
0.662
0.42724
0.473171
0.413577
0.508498
0.429989
0.456305
0.527321
0
0.514086
0.40094
0.424
0.486104
0.442167
0.43816
0.443164
0.471354
0.662
0.430781
0
0.469049
0.662
0.47185
0.370558
0.662
0.662
0.662
0.497176
0.492803
0.662
0.499331
0.439586
0.662
0.662
0.401557
0.662
0.411868
0.477351
0.44935
0.429571
0.47905
0.461434
0.450615
0.435689
0.42801
0.496028
0.471747
0.473541
0.662
0.662
0.356482
0.355516
0.473142
0.462449
0.458629
0.662
0.440143
0.448741
0.418488
0.662
0.662
0.662
0.484638
0.662
0.487741
0.463782
0.486627
0.519976
0.460824
0.540647
0.462256
0.40219
0.662
0.405398
0.463328
0.662
0.467378
0.459466
0.447409
0.454994
0.662
0.662
0.662
0.475445
0.445419
0.662
0.557116
0.46453
0.535029
0.662
0.427632
0.662
0.449562
0.45155
0.662
0
0.364346
0.457134
0.662
0.452439
0.431843
0
0.397971
0
0.47103
0.49338
0.662
0.426457
0.473371
0.359761
0.488755
0.463763
0.662
0.4536
0
0.457478
0.452452
0.49629
0.461725
0.448022
0
0.352495
0.453721
0.446609
0.458849
0.516046
0.662
0.418071
0
0.448922
0.434303
0.662
0
0.389872
0.459636
0.460613
0.454438
0.500524
0.462648
0.480553
0
0.449327
0.662
0.662
0.46588
0.33811
0.662
0.405099
0.500397
0.662
0.662
0.467029
0.439226
0.503811
0.468733
0.479183
0.510782
0.458591
0.466148
0.662
0.380529
0.662
0.443637
0.463195
0.662
0.662
0.470583
0.469201
0.464375
0.662
0.417926
0.469803
0.662
0.662
0.439803
0.318593
0.463587
0.483582
0.662
0.450642
0.501931
0.518673
0.446924
0.662
0.420497
0.521199
0.495311
0.448752
0.662
0.662
0.428404
0.662
0.662
0.435694
0.531838
0.662
0.447608
0.44475
0.488391
0.450309
0.435991
0.662
0.487658
0.662
0.458896
0.662
0
0.454643
0.454937
0.435602
0.449961
0.486185
0.382193
0.464836
0.662
0.477676
0.662
0.501693
0.477825
0.512021
0.433798
0.662
0.662
0.457843
0.662
0.444829
0.476188
0.432565
0.435493
0.454295
0.462528
0.400837
0.470652
0.353562
0.439543
0.524988
0.479125
0.475341
0.435352
0.58257
0.531972
0.662
0.444586
0.445504
0.472565
0.662
0.469979
0.662
0.393241
0.348072
0.470126
0.529632
0.482602
0.662
0.481102
0.456356
0.662
0.662
0.4152
0.662
0.478748
0.496592
0.463679
0.420971
0.420825
0.487061
0.43639
0.662
0.662
0.452869
0.468753
0.50498
0.442291
0.44961
0.445424
0.483328
0.430359
0.430874
0.440391
0.662
0.506807
0.662
0.437627
0.523168
0.466134
0.399193
0.476892
0.432201
0.504118
0.662
0.429364
0.524174
0.478625
0.662
0.662
0.474677
0.513543
0.42032
0.3956
0.521868
0.460369
0.392741
0.469821
0.662
0.47097
0.501016
0.430433
0.45842
0.482224
0.476799
0.414224
0.46934
0.413363
0.662
0.662
0.463698
0.529797
0
0.378097
0.482854
0.485061
0.662
0
0.43331
0.474157
0.455846
0.455265
0.453985
0.460221
0.456659
0.662
0.428802
0.485974
0.464957
0.662
0.662
0.662
0.467387
0.447869
0.456844
0.422243
0.444748
0.662
0.373037
0.662
0.417387
0.289207
0.662
0.460734
0.662
0.297877
0.447312
0.662
0.662
0.490963
0
0.662
0.44777
0.443968
0
0.506711
0.662
0.390892
0.469724
0.399233
0.434423
0.485611
0.413114
0.391766
0.475696
0.485659
0.445234
0
0.466409
0.446627
0.662
0.488766
0.662
0.662
0.469342
0.454608
0.438559
0.493156
0.662
0
0.488305
0.662
0
0.355149
0.662
0.428994
0.500127
0.423517
0.475396
0.662
0.414985
0.419594
0.424036
0.474475
0.662
0.472729
0.431458
0.439097
0.528332
0.662
0.44384
0.451345
0.495166
0
0.458129
0.473157
0.662
0.466382
0.488051
0.662
0.414737
0.473451
0.4799
0.523349
0
0.539113
0.662
0.662
0.458548
0.410779
0.44221
0.481475
0.662
0.474345
0.402483
0.456869
0.662
0.662
0.662
0.48248
0.433517
0.531444
0
0.440971
0.423774
0.436743
0.470241
0.464474
0.450046
0.469465
0.662
0.440274
0.662
0.486022
0.453053
0.485431
0
0.432607
0
0.39676
0.448348
0.417278
0.662
0.448139
0.490634
0.464973
0.436967
0.662
0.470998
0.662
0.489741
0.662
0
0.44157
0.381961
0.342405
0.662
0.493363
0.501049
0.5156
0.436296
0.662
0.662
0.662
0.501917
0.521638
0.662
0.435021
0.538338
0.476549
0.420711
0.47349
0.662
0.493298
0.662
0.551661
0.507961
0.465215
0
0.662
0.446211
0.662
0.433849
0.662
0
0.662
0.349517
0.473908
0.662
0.662
0.451451
0.662
0.468756
0.430405
0.54938
0.46494
0.391945
0.503147
0.466799
0.418986
0.473748
0.464751
0.662
0.497094
0.460139
0.662
0.427749
0.458661
0.394028
0.411587
0.515401
0.405472
0.455488
0.402029
0.396811
0.433194
0.471755
0.449329
0.463996
0.424539
0.466973
0.42692
0.471417
0.535489
0.662
0.428376
0.473015
0.389355
0
0.481739
0.502657
0.397218
0.415596
0.471435
0.662
0.473392
0.44034
0.464946
0.417917
0.32785
0.662
0.467557
0.47655
0.430665
0.330716
0.374364
0.429886
0.662
0.499796
0.498563
0.662
0.393071
0.455185
0.662
0.490711
0.457887
0.662
0.427054
0.418952
0.439771
0.385794
0.452296
0.434943
0
0.383857
0.462291
0.468646
0.662
0.662
0.662
0.429521
0.662
0
0
0.662
0.419018
0.536752
0.491816
0.472612
0.447621
0.461019
0.471802
0.662
0.662
0.662
0.46865
0.477008
0.662
0.662
0.662
0.457642
0.414101
0.401524
0.477812
0.539425
0.460826
0.444904
0
0.662
0.473772
0.40857
0.43803
0.45948
0.431446
0.404737
0.478497
0.41203
0.477119
0.473795
0.662
0.472794
0
0.449046
0.399944
0.404165
0.471546
0.438172
0.429378
0.46321
0.371409
0.412173
0.662
0.404714
0.662
0.662
0.460465
0.478049
0.46381
0
0.662
0.662
0.473309
0.448705
0.477561
0.443523
0.444602
0.388986
0.462886
0.537058
0.505315
0.429034
0.662
0.452145
0.437983
0.662
0
0.47753
0.45526
0.434064
0.427684
0.473542
0.412192
0.662
0.662
0.410849
0.466568
0.447455
0.516563
0.499212
0.662
0.448334
0.427195
0.662
0.662
0
0.422095
0.428786
0.429602
0.662
0.662
0.473036
0.444959
0.357915
0.47036
0.461439
0.435034
0.662
0.662
0.555786
0.476282
0.492843
0.465029
0.662
0.449952
0.342707
0.662
0.662
0.472942
0.448979
0.47132
0.422904
0.475306
0.662
0.662
0.50714
0.49312
0.662
0.662
0.432221
0.450583
0.662
0.662
0.460333
0
0.513761
0.460201
0
0.443541
0.532898
0.662
0.662
0.662
0.458761
0.459165
0.450819
0.512552
0.662
0.432683
0.47582
0.662
0.468658
0.662
0.662
0.662
0.463553
0.662
0.457842
0
0.662
0.662
0.477057
0.662
0.313621
0.439794
0.484107
0.480769
0.411745
0.429913
0.456523
0.442305
0
0.469936
0.460351
0.477527
0.460731
0.662
0.662
0.409255
0.662
0.36122
0.50562
0.417791
0.662
0.455095
0.549088
0.662
0.420645
0.662
0.482573
0.476056
0.40587
0.43256
0.662
0.464245
0.405873
0.464439
0.662
0.465683
0.474478
0.662
0.348974
0.376686
0.473964
0.400312
0.464967
0.662
0.515094
0.41232
0.451964
0.662
0.414231
0.408057
0.477893
0.477954
0
0.662
0.460137
0.428292
0.498065
0.662
0.426365
0.443611
0.442415
0.434832
0.441114
0.436816
0.410128
0.489506
0.480166
0.468493
0
0.545629
0.503687
0.662
0.468314
0.424875
0.448725
0.504591
0.498301
0.421738
0.484302
0.463811
0.391799
0.662
0.503099
0.662
0.662
0.662
0.453192
0.461573
0.490648
0.468047
0.662
0.489851
0.448718
0
0.662
0.42103
0.428182
0.454595
0.469635
0
0.454531
0.662
0
0.489324
0.442517
0.429444
0.445829
0.496257
0.495838
0
0.482274
0.362158
0.474382
0.409501
0.43417
0.662
0.38046
0.662
0.662
0.45992
0.662
0.452679
0.292009
0.46216
0
0.494185
0.463817
0.414853
0.662
0.662
0.41343
0.432677
0.459627
0.662
0.530863
0.468347
0
0.662
0.362893
0.662
0
0.476866
0.534187
0.469431
0.662
0.401566
0.662
0.423345
0.447817
0.468315
0.455283
0.662
0
0.662
0.662
0.483021
0.662
0.464794
0.464237
0.662
0.433604
0.477066
0.662
0.446051
0.662
0.370502
0.662
0.662
0.459838
0.43665
0.447286
0.448652
0.662
0.458936
0.423482
0.434756
0.662
0.521605
0.488824
0.497396
0.492397
0.662
0.470627
0.471233
0.476251
0.397736
0.440917
0.450858
0.523582
0.473937
0.662
0.328406
0.461071
0.496893
0.438102
0.426179
0.428517
0.466498
0.465704
0.662
0.495899
0.453775
0.503364
0.449285
0.460195
0.469257
0.464401
0.662
0.662
0.428523
0.662
0.424965
0.432733
0.446498
0.409831
0.42171
0.461988
0.662
0.412242
0.662
0.43484
0
0.429996
0.662
0.447336
0.503364
0.501866
0.440001
0.508963
0.341999
0.473981
0.460074
0
0.662
0.438236
0.431176
0.448713
0.469664
0.4481
0.412846
0.462649
0.441096
0.425671
0.662
0.413799
0.490346
0.662
0.470396
0.662
0.481802
0.457679
0.457171
0.469482
0.662
0.424823
0.662
0.429366
0.662
0.538219
0.496639
0.471132
0.487102
0.508704
0.510265
0.440256
0.662
0.662
0.5468
0.46872
0.481127
0.662
0.662
0.662
0.662
0.662
0.490086
0.468482
0.477141
0.431118
0.464246
0.467153
0.51058
0.662
0
0.662
0.486186
0
0.662
0.662
0.415688
0.478841
0.43914
0.362811
0.420588
0.662
0.475735
0.48019
0.662
0.408364
0.49556
0
0.426571
0.40453
0.662
0.662
0.462078
0.45033
0.416437
0.40682
0.418941
0.465819
0.394105
0.454665
0
0.463655
0.439608
0.457188
0.662
0.435767
0.469825
0.49481
0.513219
0.662
0.397007
0.533705
0.469956
0.476776
0.662
0.662
0.445388
0.427961
0.662
0.434921
0.470244
0.534398
0.452737
0.394763
0.466639
0.439529
0.430294
0.457128
0.517365
0.42899
0.499327
0.46723
0.408311
0.662
0.662
0.471162
0.662
0.441681
0.486092
0.447713
0.444632
0.497875
0.662
0
0.483388
0.408297
0.429133
0.662
0.662
0.491659
0
0.37477
0.439092
0.473245
0.44941
0.475886
0.662
0.662
0.662
0.443861
0.444657
0.414866
0.46392
0.487266
0.530957
0.457281
0.662
0.496021
0.452237
0.449945
0.662
0
0
0.471248
0.662
0.482557
0.455051
0.437175
0.457519
0.662
0
0.356993
0.662
0.472589
0.464305
0.434499
0.455172
0.662
0.436769
0.393764
0.38526
0.347151
0.476044
0.426329
0.420221
0.565916
0.411079
0.662
0.503091
0.379785
0.662
0
0.453705
0.443457
0.662
0.524285
0.499629
0.464464
0.662
0.431273
0.459247
0.442633
0.662
0.501646
0.408714
0.662
0.461457
0.4477
0.443391
0.662
0
0.662
0.422586
0.431279
0.453027
0.454736
0.473958
0.482371
0.662
0.662
0.44857
0.525811
0.662
0.662
0.43366
0.662
0.381533
0.417925
0.465923
0.480157
0.455304
0.662
0.473943
0.472347
0.378134
0.373114
0.534208
0.460953
0.498286
0.470651
0
0.528922
0.420675
0.441577
0.455229
0.532657
0.442881
0.662
0.420306
0.662
0.463416
0.449519
0.459033
0.662
0.464451
0.413047
0.44437
0.469046
0.456716
0.43284
0.463792
0.443708
0.662
0
0.464868
0.432747
0.45285
0.405153
0.487483
0.662
0.522512
0.302898
0.487791
0.440471
0.662
0.662
0.47792
0.493846
0.662
0.469277
0.662
0.492988
0.662
0.662
0.520499
0.662
0.449371
0.473676
0.454909
0.40245
0.534305
0.476128
0.4964
0.662
0.662
0.470616
0.450758
0.475928
0.484629
0.662
0.431077
0.439797
0.458749
0.351506
0.662
0.448359
0.423917
0.662
0.477215
0.391976
0.538816
0.662
0.433799
0
0.662
0.662
0.425613
0.499029
0.662
0.389494
0.501648
0.421663
0.662
0.440363
0.461703
0.502624
0.309043
0.456742
0.662
0.483359
0.448034
0.346458
0.452964
0.518414
0.447943
0.662
0.45154
0.418104
0.407285
0.396863
0.403492
0.46485
0.447291
0.464443
0.400045
0.463555
0.480309
0.397949
0
0.451619
0.662
0.662
0.4663
0
0.470927
0.474983
0.662
0
0.473673
0.464249
0.662
0.662
0.431461
0.662
0.465312
0.39228
0.662
0.662
0.462138
0.662
0.518718
0.662
0.489159
0.442466
0.42936
0.455741
0
0.662
0.477623
0.436954
0.44071
0.466073
0.464761
0.662
0.41951
0.467228
0.421161
0.662
0.46543
0.662
0.662
0.47068
0.301877
0.662
0.432371
0.476542
0.476604
0.469152
0.486816
0.662
0.470449
0.459369
0.462832
0.450132
0.46184
0.451131
0.662
0.439416
0.478113
0.443888
0.662
0.450944
0.433042
0.662
0.416003
0.459976
0.494639
0.469284
0.43358
0.42057
0.446657
0.662
0.435966
0.527819
0.436372
0.430779
0.662
0.401493
0.662
0.483215
0.662
0.514008
0.662
0.662
0.49056
0.470413
0
0.432836
0.47329
0.522924
0.662
0.445234
0
0.534614
0.42103
0.662
0.464102
0.662
0.454537
0.426205
0.452489
0.416048
0.462926
0.475216
0
0.459097
0.39066
0.434377
0
0.662
0.662
0.449688
0.662
0.461869
0.532454
0.464612
0.396019
0.415161
0.477386
0.662
0.469851
0.410962
0.662
0.662
0.522067
0.523402
0.483719
0.516786
0.456188
0.467061
0.387081
0.662
0.477503
0.448148
0.450724
0.484758
0.662
0.471442
0.662
0.475859
0.374627
0.463815
0.662
0.426314
0.662
0.469738
0.448518
0.435097
0.662
0.467121
0.456456
0.662
0.474014
0.449329
0.456705
0.47501
0.451245
0.446126
0.444876
0.460472
0.494241
0.461669
0.446618
0.477552
0.484561
0.662
0.519482
0.421957
0.441261
0.465524
0.456571
0.451284
0
0.433594
0.662
0
0.515768
0.456738
0.662
0.662
0
0.43316
0.442811
0
0.464505
0.406283
0.662
0.450634
0.407418
0.46922
0.467399
0.473699
0.447185
0.662
0.520903
0.450672
0.483415
0.662
0
0.468463
0.487628
0.434602
0.435314
0.36131
0.459061
0.459396
0.472467
0.485888
0.468369
0.662
0.662
0.437956
0
0.662
0.475697
0.422775
0
0.457222
0.416778
0.462908
0.456383
0.484552
0.457213
0.402691
0.662
0.535418
0.367304
0.662
0.458082
0.484011
0.362556
0
0.662
0.662
0.662
0.37305
0.471808
0.662
0.662
0.545119
0.532969
0.42679
0.662
0.662
0.448041
0.503778
0.412292
0.493735
0.457956
0.448187
0.474369
0.475121
0
0.45398
0.430735
0.662
0
0.390725
0.662
0.662
0.461158
0.455609
0.477016
0.438562
0.662
0.662
0.518479
0.528709
0.456402
0.458311
0.451548
0.530409
0.47616
0.443891
0.443528
0.456742
0.45112
0.455306
0.464596
0.372168
0.662
0.518065
0.662
0.557691
0.439527
0.45307
0.662
0.456635
0.383571
0.50112
0.491875
0.461312
0.46296
0.474823
0.662
0.378453
0.467683
0.299841
0.518154
0.662
0.662
0.456878
0.484355
0.662
0.469642
0.411457
0.508366
0.521873
0.462774
0.438897
0
0.526844
0.366577
0.420305
0
0.461784
0.464221
0.44661
0
0.662
0.662
0.41905
0.488009
0.448155
0.422385
0.541343
0.429176
0.429198
0.454665
0.662
0.463672
0.406525
0.510838
0.464035
0.456899
0.468179
0.662
0.510755
0.662
0.550069
0.662
0.662
0.444364
0.469085
0
0.398957
0.445066
0.480812
0.450138
0.440398
0.436525
0.459303
0.400509
0.41726
0.662
0.515651
0.444802
0.427983
0.412898
0.458259
0.449504
0.662
0.44653
0.411784
0.662
0.405109
0.383964
0.427063
0.662
0.474586
0.425373
0.453831
0.45908
0.465093
0.370503
0.373513
0.458983
0.45784
0.493884
0.446566
0
0.43981
0.447736
0.461383
0.473762
0.417062
0.477231
0.434273
0.288831
0.461035
0.488852
0.466184
0.394833
0.473631
0.434559
0.441591
0.474756
0.4959
0.662
0.473587
0.479125
0.462924
0.448312
0.453533
0.474284
0.424438
0.469727
0.462461
0.439984
0.454513
0.662
0.441329
0.468343
0.455554
0.483365
0.429105
0.662
0.458476
0.450186
0.453455
0
0.469933
0.453417
0.465289
0.427041
0.662
0.662
0.662
0.662
0.405899
0.662
0.465302
0.452471
0.452804
0.662
0.482344
0.401774
0.474496
0.514867
0.431339
0.662
0.452819
0.463717
0.662
0.534481
0.428056
0.447069
0.662
0.662
0.479013
0.462226
0.662
0.662
0.662
0.470763
0.662
0.533309
0.420937
0.458615
0.662
0.483206
0.411595
0.467345
0.454575
0.399871
0.434142
0.470577
0.452403
0.45667
0.662
0.399621
0.448553
0.411616
0.437895
0.440744
0.405924
0.662
0.662
0.417087
0.418381
0.456549
0.417278
0.662
0.471877
0
0.460777
0.442331
0.465245
0.662
0.484781
0.473828
0.444399
0.352166
0.498278
0.497501
0
0.662
0.432832
0.46343
0.463684
0.662
0.34581
0.418857
0.514015
0.425079
0.48626
0.465586
0.458322
0.662
0.662
0.441246
0.446755
0.428957
0.411149
0.47439
0.662
0.466367
0.662
0.662
0.518702
0.423201
0.662
0.407636
0.368055
0.499403
0.662
0.446242
0.494513
0.511068
0
0.662
0.538502
0.428917
0.498816
0.662
0
0.459806
0.518078
0.662
0.482313
0.425763
0.461852
0.482215
0.662
0.425195
0.427146
0.500214
0.463606
0.662
0.463148
0
0.662
0.662
0.662
0.662
0.492697
0
0.443546
0.662
0.662
0.425035
0.542097
0.458465
0.441194
0.440352
0.414593
0.494925
0.662
0.479634
0.408425
0.543725
0.446895
0.371536
0.491972
0.415201
0.374928
0.429226
0.457884
0.455759
0.449434
0.37448
0.516947
0.406191
0.461262
0.457666
0.439429
0.4549
0.469867
0.423306
0.440585
0.461812
0.413325
0.473262
0.513436
0
0.446218
0.662
0.453732
0.447136
0.434523
0.662
0.474923
0.461107
0.467307
0.662
0.454234
0.662
0.662
0.37871
0.467719
0.446519
0.453439
0.412602
0.451094
0.553594
0.441214
0.453007
0.433001
0.410041
0.662
0.662
0.462721
0.474149
0.662
0.662
0.662
0.444986
0.432231
0.436242
0.433236
0
0
0.407943
0.452317
0.432577
0.463759
0.430463
0.402012
0.457127
0.526258
0
0.453973
0.662
0.45053
0.662
0.478604
0.431371
0.439425
0.436337
0.662
0.429644
0.40685
0.465856
0.454093
0.662
0.461046
0.457953
0.477629
0.518834
0.490847
0.662
0.662
0.501717
0.437454
0.460893
0.412619
0.662
0.443715
0
0.439013
0.49351
0.462994
0.388028
0.459571
0.48397
0.443933
0.468537
0.481806
0.469519
0.452337
0
0.431178
0.450667
0
0.482478
0.513403
0.442678
0.448161
0.469226
0.443702
0.369056
0.662
0.417679
0.487519
0.467141
0.441235
0.421861
0.403832
0.355273
0.443221
0.420387
0.518282
0.459043
0.429094
0.363729
0.469467
0.432682
0.336691
0.662
0.318071
0.662
0.516291
0.37729
0.404746
0.484766
0.662
0.662
0.457223
0.662
0.441768
0.458192
0.43101
0.458879
0.445919
0.486605
0.4776
0.469833
0
0.469926
0.471167
0.51532
0.501597
0.448293
0
0.662
0.449906
0.445875
0.46029
0.44349
0.398626
0.453952
0.408497
0.466555
0.510089
0.662
0.662
0.466251
0.489381
0.476879
0.415369
0.454254
0.425884
0.4404
0.662
0.421186
0.542168
0.4547
0.662
0
0.46035
0.662
0.662
0.47937
0.374559
0.321891
0.438181
0.379449
0.469688
0.394497
0.472767
0.662
0.662
0.537099
0.662
0.662
0.432277
0.447013
0.662
0.450675
0.408769
0.662
0.459207
0.662
0.454451
0.401326
0.662
0.434518
0.662
0.458705
0.463398
0.40364
0.463732
0.405786
0.435177
0.439323
0.662
0.47343
0.43357
0.524661
0.662
0.444074
0.449046
0.398979
0.662
0.458091
0.479807
0.490409
0.662
0.432713
0.444486
0.430567
0.353545
0.462219
0.494556
0.417578
0.41577
0.373369
0.662
0.436856
0.438962
0.457531
0.453539
0.662
0.499498
0.662
0.662
0.492159
0.462336
0.662
0.474061
0.41937
0.518055
0.456551
0.404435
0.434378
0.44313
0.414463
0.662
0.285368
0
0.487711
0.462826
0.455453
0.443157
0.392415
0.471545
0.453001
0.662
0.451804
0.469067
0.662
0.429937
0.460488
0.426036
0.449768
0.491223
0.426933
0.443723
0.460014
0.432604
0.662
0.470919
0.456248
0.385729
0
0.662
0.468943
0.420321
0.662
0.381562
0.662
0
0.662
0.662
0
0.403681
0.490797
0.662
0.662
0.48537
0.451321
0.434001
0.535144
0.662
0.422754
0.512608
0.495362
0.662
0.456199
0.451354
0
0.662
0.463085
0
0.662
0.572863
0.420562
0.454666
0.662
0
0.662
0.476244
0.409438
0.662
0.448998
0.662
0.470719
0.662
0.322476
0.479994
0.445864
0.662
0
0.45148
0.40158
0.502324
0.453923
0.662
0.520799
0.495024
0.467904
0.429451
0.449562
0.547787
0
0.441033
0.459772
0.492405
0.662
0.498564
0.662
0.457949
0.400813
0.435549
0.452483
0.461064
0.468829
0.393279
0.460307
0.446056
0.662
0.360861
0.477393
0.457072
0.389838
0.344395
0.662
0.462179
0.462663
0.498948
0.482929
0.553401
0.662
0.465996
0.467991
0.411832
0.434367
0.662
0.474334
0.662
0.424994
0.428457
0.662
0.424351
0.461907
0.470198
0.662
0.443779
0.458116
0.506809
0.435505
0.474336
0.662
0.408047
0.662
0.477458
0.448258
0.441224
0.451689
0.420262
0.487485
0.51451
0.462188
0.29169
0.662
0.461155
0.442326
0.662
0.434809
0.447231
0.662
0.48965
0.492324
0.464196
0.454727
0.496109
0.307584
0.47957
0.468446
0.475894
0.42618
0.479397
0.456623
0.662
0.506749
0.449391
0.662
0.45606
0.502402
0.455933
0.49543
0.447461
0.470452
0.417029
0.469048
0.445632
0.662
0.525605
0
0.454561
0.495073
0.446668
0.392682
0
0.662
0.44294
0.662
0.417186
0.461092
0.662
0.480889
0.429932
0.492481
0.430594
0.330908
0.662
0
0.457618
0.42856
0.450842
0.448886
0.662
0.445825
0
0.456512
0.439423
0.436053
0.463587
0.662
0.662
0.505952
0.491962
0
0.662
0.458847
0.456876
0.662
0.508406
0.435832
0.662
0
0.662
0.412646
0.464205
0.461702
0.662
0.448994
0.472956
0.465644
0.44907
0.467978
0.483013
0.459611
0.482134
0.523162
0.352481
0.482925
0.502688
0
0.497267
0.662
0.456571
0.532675
0.426695
0.511658
0.455773
0.473397
0.364908
0.455101
0.451087
0.662
0.458632
0.533522
0.429991
0.662
0
0.662
0
0.662
0.662
0.662
0.352964
0
0.662
0.662
0.448226
0.414375
0.513957
0.447585
0.477192
0.529596
0.463287
0.472458
0.415025
0
0.662
0.662
0
0.449287
0.390808
0.316017
0.463102
0.482466
0.475538
0.662
0.662
0.465946
0.446892
0
0.472383
0.462306
0.452161
0
0.662
0
0.471754
0.498534
0.449173
0.457769
0.471627
0.444687
0.662
0.449708
0.470117
0.662
0.382013
0.470473
0.37121
0.662
0.470049
0.662
0.662
0.425736
0.393363
0.492005
0.49808
0.444804
0.42521
0.443592
0.460935
0.449322
0.662
0.469788
0.516994
0.433254
0.41791
0.442112
0.466669
0.462847
0.662
0.474989
0.454198
0.662
0.465308
0.469761
0.428815
0.4696
0.432895
0.458501
0.662
0.484684
0.662
0.441088
0.459042
0.500993
0.662
0.405718
0
0.662
0.662
0.418252
0.399052
0.463945
0.466317
0.444886
0.507001
0.662
0.467399
0.456554
0.662
0.662
0.485715
0.495835
0.437754
0.662
0.412456
0.662
0.662
0.444331
0.662
0.461162
0.471493
0.662
0.662
0.464486
0.472398
0.464963
0.662
0.477381
0.476803
0.488192
0.464457
0.662
0.662
0.40956
0.451637
0.438815
0.473579
0.447602
0.446166
0.473615
0.44048
0.41236
0.33281
0.662
0.472245
0
0.457625
0.506955
0.47756
0.439629
0.463741
0.490844
0.662
0.532886
0.390238
0.662
0.418452
0.662
0.476974
0.420176
0.662
0.430454
0.46592
0.455585
0.455736
0.662
0.413671
0.417828
0.514773
0.430707
0.40646
0.662
0.440691
0.662
0
0.479529
0.459875
0.453471
0
0.469171
0.662
0.363375
0.662
0.662
0.662
0.359258
0.450624
0.480469
0.476564
0.662
0.445548
0.497382
0.500913
0.506872
0.662
0.437497
0.45366
0.444331
0.473335
0.458538
0.451799
0.371959
0.475059
0.475086
0.662
0.454116
0.436283
0.473378
0.463279
0.430547
0.411141
0.36782
0.451609
0.419218
0.528969
0.662
0.472397
0.662
0.513615
0.525395
0
0.662
0.443616
0.423298
0.474275
0.662
0.421086
0.450272
0.419959
0.444959
0.456862
0.461302
0.550967
0.450704
0.46571
0.662
0.428176
0.400037
0.510922
0.456937
0.451977
0.410271
0.409212
0.488912
0.391685
0.662
0
0
0.473726
0.454916
0.44174
0.662
0.38943
0.662
0.419681
0.434428
0.46421
0.662
0
0.472321
0.461245
0.457929
0.662
0.389569
0.494658
0.381317
0.468122
0.662
0.487729
0.662
0.465574
0.476664
0.417983
0.504455
0
0
0.422992
0.451828
0.477425
0
0.446267
0.458436
0.440021
0.662
0.451138
0.458183
0.39021
0
0.662
0.662
0.447134
0.470707
0.460883
0.472724
0.662
0.487339
0.412542
0.417932
0.463563
0.492862
0.481456
0.480597
0.432901
0.460492
0.662
0.662
0.662
0.481405
0.389879
0.432352
0.46325
0.363869
0.425251
0.662
0.662
0.434424
0.488082
0.43918
0.443872
0.405138
0.441506
0.467905
0.462386
0.455975
0.662
0
0.487512
0
0.440245
0.662
0.662
0.463803
0.662
0.662
0.414656
0.662
0.471895
0.48489
0.441951
0.461489
0.459616
0.432238
0.411878
0.408942
0.662
0.474034
0.662
0.447512
0.662
0.474224
0.385623
0.662
0.662
0.662
0.480962
0.432681
0.424763
0.417275
0.466885
0.478905
0.420247
0.473146
0.662
0.441005
0.401995
0.662
0.47039
0.422903
0.455138
0.43573
0.471299
0.469558
0.545834
0.424258
0.495392
0.477835
0
0.465357
0.662
0.457976
0.662
0.407094
0.460421
0.530056
0.662
0.662
0.483226
0.472042
0.662
0.662
0.477563
0.385649
0.458804
0.41865
0.450148
0.491199
0.394444
0.662
0.44553
0.412242
0.47548
0.662
0.662
0.662
0.452858
0.423192
0.460919
0.454901
0.526451
0.466017
0.44788
0.440149
0.662
0.49824
0.662
0.452378
0.433397
0.385707
0.458403
0.40782
0.480629
0.477586
0.450438
0.388915
0.662
0.420855
0.379123
0.458898
0.532132
0.662
0.662
0.478998
0.424253
0.662
0.429408
0.461211
0
0.662
0
0.477367
0.439186
0.464915
0.449008
0.662
0.662
0.662
0.662
0.476944
0.46411
0.662
0.460461
0.662
0
0.662
0.404763
0.459877
0.662
0.535356
0.476255
0.486951
0.662
0.442206
0.662
0.662
0.44966
0.453187
0
0.51352
0.419078
0.401316
0.38565
0.461254
0.493557
0.358245
0.445565
0.40596
0.513717
0.463858
0.662
0.458393
0.284857
0.537984
0.473075
0.544262
0.484381
0.466938
0.662
0.417853
0.441425
0
0.465602
0.550863
0.501621
0.436963
0.662
0.477351
0.387303
0.474792
0.662
0.662
0.414486
0.460509
0.468586
0.435532
0.443765
0.474499
0.662
0.469994
0.478851
0.457563
0.448765
0.424653
0.455234
0
0.42122
0.662
0.44878
0.662
0
0.662
0.42029
0
0.483965
0.465178
0.441869
0.403398
0.662
0.461834
0.409167
0.478281
0.450612
0.662
0.662
0.46225
0.422774
0.471107
0.662
0.471521
0.434993
0.452549
0.42019
0.364442
0.440954
0.436159
0.662
0.467323
0.544389
0.482664
0
0.662
0.444601
0.527766
0.459438
0.484451
0.419404
0.531032
0.662
0.463912
0.407483
0.474357
0.417023
0.435758
